insert into importations(country_id, category_id, value, quantity, year)
    values
        (3, 1, 0, 0, 2023),
        (2, 1, 31853, 4806, 2023),
        (3, 1, 925, 2504, 2022),
        (2, 1, 31853, 4806, 2022);

/*
|  id  |  quantity   |   value        | year | category_id | country_id |
| ---- | ----------- | -------------- | ----- | ---------- | ---------- |
|  1   |      0      |       0.0      | 2023  |    1       |      3     |
|  2   |    4806     |    31853.0     | 2023  |    1       |      2     |
|  3   |    2504     |     925.0      | 2022  |    1       |      3     |
|  4   |    4806     |    31853.0     | 2022  |    1       |      2     |
 */